232 231 1
211 212 1
230 207 1
499 498 1
394 393 1
342 371 1
536 537 1
8 23 1
241 216 1
569 554 1
563 562 1
421 450 1
267 268 1
267 266 1
229 207 1
229 230 1
22 8 1
22 23 1
22 43 1
553 524 1
305 287 1
417 394 1
617 7 1
226 204 1
567 587 1
517 491 1
71 43 1
413 391 1
269 241 1
269 287 1
269 268 1
319 347 1
436 407 1
540 541 1
578 560 1
344 345 1
344 371 1
182 153 1
451 452 1
451 450 1
52 51 1
412 440 1
197 214 1
265 266 1
323 322 1
145 144 1
67 95 1
437 436 1
12 3 1
12 29 1
330 358 1
159 188 1
418 417 1
418 394 1
224 203 1
490 491 1
222 249 1
117 118 1
348 347 1
348 319 1
17 36 1
489 490 1
332 361 1
198 182 1
198 216 1
55 31 1
55 84 1
384 344 1
300 323 1
300 322 1
127 153 1
127 108 1
581 563 1
581 562 1
196 197 1
196 214 1
274 275 1
121 145 1
121 144 1
223 203 1
223 224 1
223 222 1
59 34 1
59 88 1
359 358 1
359 330 1
548 520 1
432 460 1
293 253 1
314 293 1
130 129 1
511 540 1
320 321 1
320 348 1
120 121 1
20 7 1
18 19 1
18 37 1
148 177 1
236 265 1
236 212 1
486 511 1
81 52 1
598 574 1
588 587 1
588 567 1
424 452 1
104 121 1
104 120 1
595 596 1
58 86 1
582 581 1
582 563 1
423 424 1
423 452 1
423 451 1
586 587 1
124 148 1
411 412 1
411 440 1
403 429 1
142 143 1
256 227 1
53 81 1
110 130 1
110 129 1
110 95 1
597 574 1
597 598 1
126 108 1
126 127 1
126 125 1
150 125 1
150 179 1
573 596 1
573 595 1
546 563 1
546 562 1
546 517 1
370 342 1
370 371 1
38 19 1
38 37 1
38 18 1
215 214 1
215 197 1
353 354 1
174 146 1
174 145 1
82 81 1
82 53 1
405 406 1
405 384 1
585 612 1
62 36 1
178 150 1
178 179 1
178 197 1
178 196 1
178 177 1
16 17 1
16 34 1
41 20 1
539 511 1
539 540 1
26 25 1
337 336 1
565 585 1
636 635 1
518 546 1
637 7 1
637 636 1
69 97 1
210 211 1
103 104 1
103 120 1
172 144 1
172 143 1
160 161 1
160 188 1
278 279 1
278 249 1
380 381 1
90 62 1
426 425 1
408 437 1
408 436 1
408 407 1
616 7 1
616 637 1
616 588 1
169 168 1
389 374 1
389 412 1
389 411 1
77 76 1
535 536 1
472 491 1
472 490 1
458 429 1
154 182 1
404 384 1
404 405 1
404 432 1
94 95 1
131 159 1
557 573 1
64 92 1
64 37 1
373 387 1
373 348 1
352 353 1
352 374 1
352 323 1
186 200 1
575 576 1
575 574 1
235 212 1
235 236 1
235 263 1
170 142 1
170 169 1
566 567 1
566 587 1
566 586 1
386 387 1
386 408 1
386 407 1
376 393 1
262 263 1
392 376 1
392 393 1
185 186 1
132 131 1
306 330 1
306 305 1
355 327 1
355 354 1
434 406 1
33 58 1
570 569 1
526 498 1
526 567 1
526 566 1
526 553 1
470 488 1
470 451 1
377 394 1
377 393 1
377 376 1
254 226 1
254 253 1
552 524 1
552 553 1
334 309 1
457 429 1
457 458 1
599 576 1
318 319 1
318 347 1
503 480 1
435 407 1
435 436 1
435 434 1
521 520 1
107 108 1
107 126 1
107 125 1
449 421 1
449 450 1
449 448 1
447 448 1
447 468 1
447 418 1
607 582 1
590 617 1
341 370 1
91 92 1
91 108 1
91 107 1
91 90 1
91 62 1
48 77 1
48 76 1
48 25 1
626 627 1
626 3 1
68 97 1
68 67 1
302 301 1
577 560 1
577 578 1
163 164 1
27 26 1
397 421 1
100 99 1
396 397 1
303 327 1
303 302 1
83 55 1
83 84 1
83 104 1
83 103 1
83 82 1
593 620 1
149 178 1
149 177 1
149 148 1
149 124 1
430 458 1
430 429 1
430 403 1
291 311 1
65 94 1
338 339 1
513 541 1
513 488 1
422 451 1
422 450 1
422 421 1
422 397 1
141 170 1
141 169 1
141 118 1
45 46 1
45 73 1
414 413 1
414 391 1
628 4 1
628 627 1
155 154 1
530 554 1
487 470 1
487 488 1
487 486 1
166 138 1
325 354 1
325 353 1
325 301 1
351 323 1
351 352 1
351 322 1
504 533 1
568 554 1
568 569 1
568 590 1
477 478 1
477 499 1
477 498 1
180 179 1
494 521 1
494 520 1
385 406 1
385 405 1
385 384 1
385 344 1
512 488 1
512 513 1
512 541 1
512 540 1
591 570 1
233 210 1
233 262 1
109 95 1
109 110 1
109 129 1
474 494 1
474 473 1
378 396 1
534 535 1
534 557 1
534 533 1
441 413 1
441 440 1
441 412 1
74 46 1
74 73 1
74 45 1
122 105 1
122 146 1
519 548 1
519 518 1
250 279 1
250 278 1
250 249 1
250 222 1
32 33 1
32 31 1
395 378 1
395 396 1
294 314 1
294 293 1
294 253 1
445 417 1
445 444 1
209 232 1
209 231 1
56 84 1
56 55 1
56 31 1
579 578 1
525 526 1
525 553 1
525 524 1
402 403 1
592 591 1
592 570 1
280 253 1
280 279 1
442 414 1
442 441 1
442 413 1
98 71 1
98 97 1
98 69 1
398 380 1
398 424 1
398 423 1
9 23 1
9 8 1
217 218 1
217 216 1
217 198 1
600 3 1
600 599 1
600 576 1
439 411 1
439 440 1
631 607 1
505 534 1
505 533 1
505 504 1
316 295 1
316 345 1
316 344 1
206 227 1
507 536 1
507 535 1
507 483 1
312 339 1
312 338 1
312 311 1
375 391 1
375 374 1
375 352 1
136 164 1
190 166 1
190 204 1
264 236 1
264 265 1
264 263 1
264 235 1
251 224 1
251 280 1
251 279 1
298 283 1
298 321 1
298 320 1
443 444 1
443 466 1
443 442 1
443 414 1
176 148 1
176 177 1
243 218 1
243 272 1
495 522 1
550 522 1
550 565 1
550 521 1
157 186 1
157 185 1
157 130 1
165 166 1
165 164 1
165 136 1
213 196 1
213 214 1
564 550 1
564 565 1
66 95 1
66 94 1
66 65 1
308 309 1
308 289 1
571 593 1
481 466 1
481 480 1
618 591 1
618 617 1
618 590 1
247 248 1
247 275 1
189 161 1
189 188 1
189 160 1
151 180 1
151 179 1
151 150 1
151 125 1
475 435 1
475 495 1
139 168 1
139 138 1
187 159 1
187 188 1
187 186 1
549 521 1
549 550 1
549 548 1
549 520 1
551 552 1
551 550 1
551 522 1
156 130 1
156 157 1
156 185 1
61 36 1
61 62 1
61 90 1
285 265 1
285 302 1
285 301 1
346 318 1
346 347 1
346 345 1
456 457 1
456 427 1
28 12 1
28 29 1
28 52 1
28 51 1
238 267 1
238 266 1
238 213 1
135 164 1
135 163 1
362 334 1
362 361 1
87 59 1
87 88 1
87 105 1
87 86 1
87 58 1
128 109 1
128 129 1
128 155 1
128 154 1
428 457 1
428 456 1
428 427 1
625 600 1
625 3 1
625 599 1
454 426 1
454 425 1
284 300 1
284 283 1
123 124 1
123 122 1
123 105 1
89 61 1
89 90 1
89 88 1
368 339 1
39 66 1
39 65 1
39 38 1
39 19 1
326 303 1
326 327 1
326 355 1
326 354 1
286 303 1
286 302 1
286 285 1
286 265 1
273 274 1
273 289 1
273 272 1
529 530 1
580 562 1
580 581 1
609 610 1
602 627 1
602 626 1
602 577 1
80 52 1
80 81 1
80 51 1
202 203 1
202 223 1
202 222 1
184 156 1
184 185 1
184 155 1
543 544 1
220 200 1
162 163 1
162 203 1
162 202 1
162 189 1
162 161 1
134 135 1
134 163 1
134 162 1
614 636 1
614 635 1
614 586 1
304 287 1
304 305 1
304 328 1
30 53 1
30 29 1
632 610 1
632 609 1
509 537 1
516 491 1
516 517 1
516 544 1
492 473 1
492 519 1
492 518 1
288 306 1
288 305 1
288 287 1
288 269 1
313 293 1
313 314 1
313 341 1
500 529 1
584 565 1
584 585 1
584 564 1
366 338 1
366 337 1
360 332 1
360 361 1
360 378 1
360 359 1
72 73 1
72 71 1
72 43 1
493 474 1
493 494 1
493 492 1
493 473 1
85 86 1
85 84 1
85 56 1
379 397 1
379 396 1
379 378 1
379 360 1
333 362 1
333 361 1
333 332 1
47 25 1
47 48 1
47 76 1
106 124 1
106 123 1
106 105 1
106 87 1
603 579 1
603 628 1
603 627 1
467 447 1
467 468 1
467 483 1
70 71 1
70 98 1
70 69 1
611 585 1
611 612 1
260 232 1
260 231 1
307 289 1
307 308 1
307 333 1
307 332 1
455 427 1
455 456 1
455 472 1
455 454 1
455 426 1
401 402 1
401 428 1
401 427 1
531 503 1
531 530 1
270 269 1
270 241 1
331 360 1
331 359 1
331 330 1
331 306 1
245 274 1
245 273 1
277 249 1
277 278 1
277 291 1
277 248 1
476 475 1
476 435 1
102 118 1
102 117 1
54 83 1
54 82 1
54 53 1
54 30 1
259 231 1
259 260 1
259 230 1
13 30 1
13 29 1
13 12 1
13 3 1
501 530 1
501 529 1
501 500 1
629 4 1
175 176 1
175 174 1
175 146 1
589 568 1
589 590 1
589 617 1
589 7 1
464 478 1
464 439 1
116 117 1
116 139 1
116 138 1
502 480 1
502 503 1
502 531 1
502 530 1
255 227 1
255 256 1
255 254 1
255 226 1
369 341 1
369 370 1
369 368 1
221 248 1
221 247 1
221 220 1
225 204 1
225 226 1
225 254 1
225 253 1
78 77 1
199 218 1
199 217 1
199 198 1
199 182 1
515 544 1
515 543 1
515 489 1
485 509 1
485 468 1
194 174 1
194 211 1
194 210 1
622 596 1
622 595 1
44 73 1
44 72 1
44 43 1
44 22 1
315 342 1
315 314 1
315 294 1
619 592 1
619 618 1
619 591 1
191 206 1
191 190 1
191 166 1
621 595 1
621 622 1
621 620 1
547 519 1
547 548 1
547 546 1
547 518 1
261 233 1
261 262 1
261 284 1
261 283 1
261 260 1
261 232 1
201 221 1
201 220 1
201 200 1
201 186 1
35 17 1
35 36 1
35 34 1
35 16 1
242 270 1
242 241 1
242 216 1
239 215 1
239 268 1
239 267 1
49 27 1
49 78 1
49 77 1
290 309 1
290 308 1
290 289 1
290 273 1
453 425 1
453 454 1
453 452 1
453 424 1
383 403 1
383 402 1
383 368 1
438 439 1
438 437 1
484 468 1
484 485 1
484 483 1
484 467 1
356 328 1
356 377 1
356 376 1
356 355 1
356 327 1
205 191 1
205 206 1
205 204 1
205 190 1
50 78 1
50 49 1
50 27 1
532 504 1
532 533 1
532 531 1
532 503 1
349 321 1
349 348 1
349 320 1
382 368 1
382 383 1
382 402 1
382 401 1
63 37 1
63 64 1
63 92 1
63 91 1
281 282 1
281 295 1
240 269 1
240 268 1
240 239 1
240 215 1
605 580 1
605 629 1
605 4 1
514 489 1
514 515 1
514 543 1
463 439 1
463 464 1
463 478 1
463 477 1
542 514 1
542 543 1
542 560 1
542 541 1
542 513 1
1 593 1
1 620 1
1 9 1
1 8 1
1 619 1
1 592 1
409 438 1
409 437 1
113 99 1
113 135 1
113 134 1
508 485 1
508 509 1
508 537 1
508 536 1
364 336 1
364 381 1
364 380 1
111 71 1
111 132 1
111 131 1
634 612 1
634 611 1
114 100 1
114 113 1
114 99 1
219 200 1
219 220 1
219 245 1
79 51 1
79 80 1
79 102 1
79 78 1
79 50 1
523 552 1
523 551 1
523 522 1
523 495 1
482 505 1
482 504 1
482 481 1
482 466 1
2 597 1
2 622 1
2 596 1
630 607 1
630 631 1
630 629 1
479 501 1
479 500 1
479 478 1
479 464 1
419 395 1
419 448 1
419 447 1
510 486 1
510 511 1
510 539 1
21 41 1
21 20 1
21 7 1
10 2 1
10 26 1
10 25 1
340 313 1
340 341 1
340 369 1
340 368 1
608 631 1
608 607 1
608 582 1
623 598 1
623 2 1
623 597 1
246 275 1
246 274 1
246 245 1
246 219 1
258 230 1
258 259 1
258 229 1
415 392 1
415 444 1
415 443 1
583 564 1
583 584 1
583 610 1
583 609 1
462 434 1
462 435 1
400 426 1
400 425 1
400 381 1
469 451 1
469 470 1
469 487 1
469 486 1
119 103 1
119 120 1
119 143 1
119 142 1
24 46 1
24 45 1
24 23 1
24 9 1
93 65 1
93 94 1
93 92 1
93 64 1
497 525 1
497 524 1
497 476 1
604 4 1
604 628 1
604 603 1
604 579 1
137 166 1
137 165 1
137 136 1
431 404 1
431 432 1
431 460 1
556 534 1
556 557 1
556 571 1
317 346 1
317 345 1
317 316 1
317 295 1
192 170 1
192 207 1
140 118 1
140 141 1
140 169 1
140 168 1
133 161 1
133 160 1
133 132 1
167 139 1
167 168 1
167 166 1
167 138 1
594 621 1
594 620 1
594 593 1
594 571 1
496 476 1
496 497 1
496 495 1
496 475 1
208 209 1
208 207 1
208 192 1
506 483 1
506 507 1
506 535 1
506 534 1
399 381 1
399 400 1
399 398 1
399 380 1
528 500 1
528 529 1
528 499 1
388 409 1
388 387 1
388 373 1
75 47 1
75 76 1
75 100 1
75 99 1
75 74 1
75 46 1
234 263 1
234 262 1
234 233 1
234 210 1
624 599 1
624 625 1
624 623 1
624 598 1
57 33 1
57 58 1
57 86 1
57 85 1
181 153 1
181 182 1
181 180 1
420 449 1
420 448 1
420 419 1
420 395 1
372 348 1
372 373 1
372 387 1
372 386 1
343 344 1
343 371 1
343 342 1
343 315 1
158 131 1
158 159 1
158 187 1
158 186 1
257 229 1
257 258 1
257 282 1
257 281 1
257 256 1
329 358 1
329 328 1
329 304 1
335 364 1
335 334 1
335 309 1
152 127 1
152 153 1
152 181 1
152 180 1
357 329 1
357 358 1
357 356 1
357 328 1
15 33 1
15 32 1
15 4 1
545 517 1
545 546 1
545 544 1
545 516 1
96 68 1
96 97 1
96 95 1
96 67 1
173 145 1
173 174 1
173 172 1
173 144 1
367 339 1
367 368 1
367 366 1
367 338 1
461 462 1
461 460 1
461 432 1
276 248 1
276 277 1
276 275 1
276 247 1
193 209 1
193 208 1
193 192 1
193 170 1
183 155 1
183 184 1
183 182 1
183 154 1
365 337 1
365 366 1
365 364 1
365 336 1
171 143 1
171 172 1
171 170 1
171 142 1
363 335 1
363 364 1
363 362 1
363 334 1
11 27 1
11 26 1
11 10 1
11 2 1
147 176 1
147 175 1
147 146 1
147 122 1
471 455 1
471 472 1
471 490 1
471 489 1
633 611 1
633 634 1
633 632 1
633 610 1
237 213 1
237 238 1
237 266 1
237 265 1
606 630 1
606 629 1
606 605 1
606 580 1
299 284 1
299 300 1
299 298 1
299 283 1
601 577 1
601 602 1
601 626 1
601 3 1
465 443 1
465 466 1
465 481 1
465 480 1
446 418 1
446 447 1
446 445 1
446 417 1
5 609 1
5 632 1
5 17 1
5 16 1
5 631 1
5 608 1
6 635 1
6 19 1
6 18 1
6 634 1
6 612 1
252 253 1
252 280 1
252 251 1
252 224 1
559 576 1
559 575 1
572 557 1
572 573 1
572 571 1
572 556 1
292 312 1
292 311 1
292 291 1
310 291 1
310 311 1
42 70 1
42 69 1
42 41 1
42 21 1
296 282 1
296 295 1
296 281 1
228 257 1
228 256 1
433 406 1
433 434 1
433 462 1
433 461 1
390 375 1
390 391 1
410 439 1
410 438 1
416 445 1
416 444 1
615 588 1
615 616 1
615 637 1
14 4 1
14 15 1
558 559 1
558 575 1
112 133 1
112 132 1
350 322 1
350 351 1
561 579 1
561 578 1
244 273 1
244 272 1
244 243 1
297 319 1
297 318 1
613 586 1
613 614 1
324 301 1
324 325 1
101 79 1
101 102 1
40 20 1
40 41 1
60 89 1
60 88 1
538 510 1
538 539 1
271 243 1
271 272 1
459 431 1
459 460 1
527 499 1
527 528 1
555 570 1
555 569 1
195 212 1
195 211 1
115 137 1
115 136 1
