1 9
1 593
2 622
2 10
3 12
3 13
4 605
4 628
5 632
5 609
6 18
6 19
7 617
7 21
8 23
8 1
9 8
9 24
10 11
10 25
11 2
11 27
12 29
12 28
13 30
13 12
14 15
14 32
14 31
14 4
15 33
15 4
16 5
16 34
17 16
17 5
18 37
18 38
19 38
19 18
20 21
20 7
21 42
21 41
22 44
22 8
23 22
23 9
24 23
24 46
25 26
25 48
26 10
26 11
27 26
27 50
28 52
28 51
29 13
29 28
30 54
30 29
31 55
31 56
32 15
32 31
33 32
33 58
34 35
34 59
35 17
35 16
36 35
36 17
37 63
37 64
38 39
38 37
39 66
39 19
40 41
40 68
40 67
40 20
41 20
41 42
42 69
42 70
43 72
43 22
44 43
44 73
45 24
45 46
46 75
46 74
47 25
47 75
48 47
48 76
49 27
49 78
50 78
50 49
51 79
51 80
52 51
52 81
53 30
53 82
54 53
54 83
55 56
55 83
56 85
56 84
57 58
57 33
58 86
58 87
59 88
59 87
60 59
60 89
60 34
60 88
61 62
61 36
62 90
62 36
63 64
63 91
64 92
64 93
65 39
65 94
66 65
66 95
67 68
67 95
68 97
68 96
69 97
69 70
70 71
70 98
71 72
71 43
72 73
72 44
73 45
73 74
74 45
74 75
75 76
75 99
76 77
76 47
77 49
77 48
78 77
78 79
79 50
79 80
80 81
80 52
81 82
81 53
82 83
82 54
83 103
83 84
84 55
84 85
85 57
85 86
86 87
86 57
87 105
87 106
88 87
88 89
89 61
89 90
90 91
90 61
91 62
91 92
92 63
92 93
93 94
93 65
94 95
94 66
95 109
95 110
96 67
96 95
97 98
97 96
98 69
98 71
99 113
99 100
100 75
100 114
101 117
101 79
101 116
101 102
102 79
102 118
103 120
103 104
104 121
104 83
105 122
105 106
106 124
106 123
107 125
107 91
108 107
108 91
109 129
109 110
110 129
110 130
111 131
111 71
112 111
112 133
112 71
112 132
113 134
113 135
114 99
114 113
115 136
115 114
115 100
116 138
116 139
117 102
117 116
118 141
118 117
119 103
119 142
120 119
120 104
121 145
121 120
122 123
122 147
123 105
123 124
124 148
124 149
125 150
125 126
126 108
126 107
127 108
127 126
128 109
128 155
129 130
129 128
130 157
130 156
131 158
131 132
132 133
132 111
133 161
133 160
134 163
134 135
135 163
135 164
137 136
137 115
138 167
138 166
139 138
139 168
140 118
140 141
141 169
141 170
142 143
142 171
143 119
143 171
144 121
144 172
145 173
145 144
146 174
146 122
147 146
147 176
148 177
148 176
149 178
149 148
150 151
150 179
151 180
151 125
152 153
152 127
153 127
153 182
154 182
154 128
155 154
155 184
156 184
156 185
157 156
157 186
158 187
158 159
159 188
159 131
160 161
160 188
161 162
161 189
162 203
162 134
163 162
163 164
164 136
164 165
165 137
165 136
166 137
166 165
167 139
167 166
168 140
168 167
169 140
169 168
170 142
170 169
171 172
171 170
172 173
172 143
173 174
173 144
174 145
174 175
175 147
175 146
176 175
176 177
177 149
177 178
178 179
178 150
179 180
179 151
180 152
180 181
181 153
181 152
182 181
182 183
183 154
183 155
184 183
184 185
185 186
185 157
186 158
186 201
187 186
187 159
188 187
188 189
189 160
189 162
190 205
190 166
191 166
191 190
192 170
192 193
193 209
193 170
194 174
194 211
195 194
195 212
195 174
195 211
196 178
196 197
197 214
197 178
198 216
198 182
199 198
199 182
200 186
200 220
201 221
201 200
202 162
202 223
203 202
203 224
204 190
204 205
205 206
205 191
206 191
206 227
207 208
207 192
208 193
208 192
209 208
209 231
210 194
210 234
211 212
211 210
212 236
212 235
213 238
213 196
214 196
214 213
215 197
215 214
216 242
216 217
217 198
217 199
218 217
218 199
219 220
219 200
220 201
220 221
221 247
221 248
222 223
222 202
223 224
223 203
224 252
224 251
225 254
225 204
226 225
226 204
227 255
227 256
228 227
228 257
228 206
228 256
229 258
229 207
230 207
230 229
231 232
231 259
232 260
232 209
233 262
233 210
234 233
234 263
235 236
235 264
236 265
236 264
237 213
237 266
238 267
238 237
239 240
239 215
240 215
240 269
241 216
241 269
242 241
242 270
243 218
243 244
244 273
244 272
244 218
245 273
245 219
246 219
246 245
247 275
247 276
248 247
248 277
249 278
249 222
250 222
250 249
251 279
251 252
252 280
252 253
253 280
253 225
254 226
254 253
255 254
255 226
256 257
256 255
257 229
257 258
258 259
258 230
259 260
259 230
260 231
260 261
261 233
261 232
262 234
262 261
263 262
263 235
264 263
264 265
265 266
265 237
266 238
266 267
267 268
267 239
268 240
268 239
269 268
269 288
270 241
270 269
271 270
271 243
271 242
271 272
272 273
272 243
273 289
273 274
274 245
274 246
275 274
275 246
276 248
276 275
277 276
277 249
278 250
278 277
279 278
279 250
280 279
280 251
281 282
281 257
282 257
282 296
283 261
283 298
284 261
284 283
285 265
285 286
286 303
286 265
287 269
287 305
288 287
288 306
289 290
289 308
290 309
290 273
291 277
291 311
292 312
292 291
292 277
293 253
293 314
294 293
294 253
295 317
295 281
296 281
296 295
297 318
297 296
297 282
297 319
298 299
298 320
299 283
299 284
300 284
300 299
301 302
301 285
302 285
302 286
303 302
303 327
304 287
304 305
305 306
305 288
306 330
306 331
307 289
307 308
308 290
308 309
309 335
309 334
310 311
310 337
310 336
310 291
311 292
311 312
312 338
312 339
313 314
313 293
314 294
314 315
315 342
315 294
316 344
316 295
317 345
317 316
318 347
318 346
319 348
319 318
320 348
320 321
321 298
321 349
322 300
322 351
323 322
323 300
324 353
324 301
324 352
324 325
325 301
325 354
326 303
326 327
327 355
327 356
328 304
328 329
329 358
329 304
330 358
330 359
331 360
331 330
332 361
332 307
333 307
333 332
334 362
334 363
335 334
335 364
336 364
336 365
337 365
337 336
338 366
338 339
339 368
339 367
340 368
340 313
341 313
341 340
342 343
342 370
343 315
343 371
344 343
344 371
345 344
345 316
346 317
346 345
347 346
347 319
348 347
348 373
349 320
349 348
350 349
350 351
350 321
350 322
351 323
351 352
352 353
352 323
353 325
353 354
354 326
354 355
355 356
355 326
356 357
356 328
357 329
357 328
358 357
358 359
359 331
359 360
360 332
360 361
361 333
361 362
362 363
362 333
363 364
363 335
364 380
364 381
365 364
365 366
366 337
366 367
367 338
367 368
368 369
368 382
369 341
369 340
370 369
370 341
371 342
371 370
372 348
372 386
373 387
373 372
374 352
374 375
375 391
375 352
376 377
376 356
377 393
377 356
378 396
378 360
379 360
379 378
380 381
380 398
381 400
381 399
382 383
382 401
383 402
383 368
384 405
384 344
385 344
385 384
386 407
386 408
387 372
387 386
388 373
388 387
389 412
389 374
390 389
390 375
390 374
390 391
391 414
391 413
392 376
392 393
393 376
393 394
394 417
394 377
395 396
395 378
396 379
396 397
397 422
397 379
398 424
398 423
399 380
399 398
400 426
400 399
401 427
401 428
402 401
402 382
403 383
403 402
404 384
404 405
405 385
405 406
406 434
406 385
407 435
407 436
408 436
408 407
409 388
409 438
410 409
410 439
410 388
410 438
411 439
411 389
412 440
412 411
413 442
413 414
414 443
414 442
415 443
415 392
416 415
416 445
416 392
416 444
417 418
417 446
418 447
418 394
419 395
419 448
420 419
420 395
421 450
421 397
422 451
422 421
423 451
423 452
424 452
424 423
425 400
425 426
426 454
426 455
427 455
427 428
428 457
428 456
429 403
429 458
430 429
430 403
431 432
431 404
432 460
432 404
433 462
433 406
434 433
434 462
435 434
435 476
436 437
436 435
437 408
437 409
438 437
438 439
439 463
439 440
440 441
440 411
441 413
441 412
442 443
442 441
443 466
443 444
444 445
444 415
445 417
445 446
446 447
446 418
447 448
447 419
448 420
448 449
449 421
449 420
450 449
450 422
451 470
451 450
452 451
452 453
453 424
453 425
454 453
454 425
455 454
455 472
456 427
456 455
457 456
457 429
458 457
458 430
459 474
459 473
459 458
459 431
459 430
459 460
460 431
460 461
461 432
461 433
462 435
462 461
463 478
463 464
464 479
464 439
465 466
465 443
466 482
466 481
467 447
467 468
468 485
468 447
469 486
469 451
470 469
470 488
471 490
471 455
472 471
472 491
473 492
473 493
474 493
474 473
475 435
475 495
476 475
476 497
477 463
477 478
478 479
478 464
479 501
479 500
480 465
480 481
481 482
481 465
482 504
482 505
483 484
483 467
484 467
484 468
485 484
485 509
486 487
486 511
487 469
487 470
488 487
488 513
489 471
489 490
490 491
490 472
491 517
491 516
492 519
492 518
493 494
493 492
494 474
494 521
495 496
495 523
496 476
496 475
497 525
497 496
498 477
498 526
499 498
499 477
500 528
500 501
501 530
501 529
502 480
502 531
503 502
503 480
504 532
504 533
505 534
505 504
506 483
506 535
507 506
507 483
508 485
508 536
509 537
509 508
510 511
510 486
511 539
511 540
512 541
512 488
513 512
513 542
514 515
514 489
515 544
515 489
516 544
516 517
517 546
517 545
518 547
518 546
519 548
519 518
520 494
520 549
521 549
521 520
522 495
522 550
523 522
523 551
524 497
524 552
525 553
525 524
526 553
526 525
527 528
527 526
527 498
527 499
528 529
528 499
529 500
529 530
530 531
530 502
531 532
531 503
532 533
532 503
533 505
533 534
534 506
534 556
535 534
535 507
536 507
536 535
537 536
537 508
538 510
538 558
538 537
538 539
538 509
538 559
539 510
539 540
540 512
540 541
541 513
541 542
542 514
542 543
543 515
543 514
544 545
544 543
545 516
545 546
546 562
546 563
547 546
547 519
548 520
548 547
549 550
549 548
550 565
550 521
551 550
551 522
552 551
552 523
553 524
553 552
554 530
554 568
555 569
555 554
555 530
555 570
556 557
556 572
557 534
557 573
558 559
558 575
558 574
559 575
559 576
560 578
560 542
561 578
561 560
561 542
561 579
562 581
562 563
563 582
563 581
564 584
564 550
565 564
565 585
566 526
566 567
567 526
567 587
568 589
568 590
569 568
569 554
570 592
570 569
571 572
571 556
572 573
572 557
573 595
573 596
574 598
574 597
575 576
575 574
576 599
576 600
577 560
577 601
578 579
578 577
579 603
579 604
580 562
580 606
581 580
581 582
582 608
582 607
583 564
583 584
584 585
584 565
585 611
585 612
586 587
586 566
587 566
587 588
588 567
588 616
589 617
589 7
590 618
590 589
591 570
591 619
592 1
592 591
593 620
593 571
594 593
594 571
595 622
595 621
596 595
596 2
597 598
597 2
598 623
598 624
599 625
599 624
600 3
600 599
601 3
601 626
602 601
602 577
603 604
603 627
604 4
604 628
605 580
605 629
606 629
606 605
607 631
607 608
608 631
608 5
609 583
609 632
610 609
610 583
611 633
611 634
612 6
612 611
613 614
613 635
613 6
613 586
614 636
614 586
615 588
615 637
615 636
616 7
616 615
617 618
617 590
618 591
618 619
619 592
619 1
620 594
620 1
621 620
621 594
622 621
622 596
623 2
623 597
624 625
624 623
625 3
625 600
626 602
626 3
627 626
627 602
628 627
628 603
629 630
629 4
630 607
630 606
631 5
631 630
632 610
632 633
633 634
633 610
634 612
634 6
635 614
635 6
636 635
636 637
637 616
637 7
