393
146
216
268
179
86
587
207
596
129
253
322
391
144
488
347
231
3
460
88
491
143
232
562
203
498
23
37
212
153
211
358
407
230
499
537
427
374
371
394
478
554
301
342
536
161
19
8
450
345
7
522
168
241
524
43
51
452
569
387
563
36
421
287
188
266
267
204
321
229
448
560
249
22
214
576
553
305
417
272
336
4
617
361
29
226
440
567
612
118
468
73
46
517
84
541
71
425
413
31
269
319
436
540
406
578
344
182
381
451
52
99
412
95
197
265
323
145
227
67
437
177
354
12
108
635
520
330
295
159
418
224
490
222
117
348
97
76
17
489
332
198
275
55
34
309
480
384
300
127
581
196
429
274
121
25
223
59
359
548
432
293
314
473
130
610
544
511
574
311
320
120
20
18
148
236
486
81
125
598
588
424
533
104
279
595
58
582
423
627
586
124
411
403
142
256
53
138
110
597
126
150
573
546
370
38
215
353
174
483
339
82
405
585
62
178
289
16
41
539
26
200
337
565
636
518
637
69
92
210
103
172
160
278
380
90
426
408
616
169
389
263
77
535
472
458
154
404
94
131
557
327
466
64
373
352
186
575
235
283
170
566
386
376
262
392
164
185
132
306
355
434
33
570
526
470
377
254
552
334
457
599
318
503
435
521
107
449
447
607
590
341
91
48
626
68
620
302
577
163
27
444
397
100
396
303
83
593
149
430
291
65
338
513
422
141
45
414
628
155
530
487
166
325
351
504
568
477
180
494
385
512
105
591
233
109
474
378
534
218
441
74
122
519
250
32
395
294
445
248
209
56
579
525
402
592
280
442
98
398
9
217
600
439
631
505
316
206
507
312
375
136
190
264
251
298
443
176
243
495
550
157
165
213
564
66
308
571
481
618
247
189
151
475
139
187
549
551
156
61
285
346
456
28
238
135
362
87
128
428
625
454
284
123
89
368
39
326
286
273
529
580
328
609
602
80
202
184
543
220
162
134
614
304
30
632
509
516
492
288
313
500
584
366
360
72
493
85
379
333
47
106
603
467
70
611
260
307
455
401
531
270
331
245
277
476
102
54
259
13
282
501
629
175
589
464
116
502
255
369
221
225
78
199
515
485
194
622
44
315
619
191
621
547
261
201
35
242
239
49
290
453
383
438
484
356
205
50
532
349
382
63
281
240
605
514
463
542
1
409
113
508
364
111
634
114
219
79
523
482
2
630
479
419
510
21
10
340
608
623
246
258
415
583
462
400
469
119
24
93
497
604
137
431
556
317
192
140
133
167
594
496
208
506
399
528
388
75
234
624
57
181
420
372
343
158
257
329
335
152
357
15
545
96
173
367
461
276
193
183
365
171
363
11
147
471
633
237
606
299
601
465
446
5
6
252
559
572
292
310
42
296
228
433
390
410
416
615
14
558
112
350
561
244
297
613
324
101
40
60
538
271
459
527
555
195
115
